1.000000000000000000e+00 3.833049951722714010e-01
1.050000000000000044e+00 4.236132045922697542e-01
1.100000000000000089e+00 4.938416668738566662e-01
1.149999999999999911e+00 6.015298748818670438e-01
1.199999999999999956e+00 7.562256275428551611e-01
1.250000000000000000e+00 9.673651762058040893e-01
1.300000000000000044e+00 1.240010674549824499e+00
1.350000000000000089e+00 1.568381308460616186e+00
1.399999999999999911e+00 1.928970804410876205e+00
1.449999999999999956e+00 2.277505759484860004e+00
1.500000000000000000e+00 2.554866512706404524e+00
1.550000000000000044e+00 2.703639367046938080e+00
1.600000000000000089e+00 2.689507917609784027e+00
1.649999999999999911e+00 2.515833625946386043e+00
1.700000000000000178e+00 2.222176481372354129e+00
1.750000000000000000e+00 1.867730306324478784e+00
1.800000000000000044e+00 1.510013340025460282e+00
1.850000000000000089e+00 1.189924054549335919e+00
1.899999999999999911e+00 9.276032958975465315e-01
1.950000000000000178e+00 7.264982581090186908e-01
2.000000000000000000e+00 5.804096620472413148e-01
