605.9115 -83.2 2.1
862.1412 -43.1 2.2
956.0369 -29.2 2.3
1009.8790 -7.3 2.5
1069.7490 10.3 2.1
1073.8392 14.2 2.8
1173.1752 48.7 2.3
1200.1776 56.6 2.1
1227.1375 65.1 2.0
1310.9956 91.8 2.3
1314.0771 91.7 2.4
1340.9326 92.1 1.0
1367.8354 83.6 2.3
1373.9145 83.7 2.4
1409.8196 71.6 2.4
1410.7740 65.8 2.2
1411.7784 68.8 2.0
1438.7136 52.9 2.4
1581.1600 -15.3 2.2
1586.1584 -19.6 2.4
1680.0536 -47.1 2.2
1702.9464 -57.0 2.2
1755.7947 -63.1 2.1
1983.1538 -85.1 2.5
2003.9924 -89.0 2.7
2009.0651 -77.5 2.6
2030.9380 -92.2 3.1
2061.9081 -84.7 2.9
2062.9240 -78.1 2.8
2096.8833 -80.7 3.0
2128.8263 -87.0 2.5
2161.7864 -84.8 2.7
2390.0598 -70.1 3.0
2446.8697 -68.1 2.7
2486.7329 -60.4 2.3